 1  0  0  0  0  0  0  0  0  0  0  0  0  0  0  0  0  0 
 0  0  0  1  0  0  0  0  0  0  0  0  0  0  0  0  0  0 
 0  1  0  0  0  0  0  0  0  0  0  0  0  0  0  0  0  0 
 0  0  0  0  0  0  0  0  0  0  0  0  0  1  0  0  0  0 
 0  0  1  0  0  0  0  0  0  0  0  0  0  0  0  0  0  0 
 0  0  0  0  0  0  0  0  0  0  1  0  0  0  0  0  0  0 
 0  0  0  0  0  0  0  0  0  0  0  0  1  0  0  0  0  0 
 0  0  0  0  1  0  0  0  0  0  0  0  0  0  0  0  0  0 
 0  0  0  0  0  0  0  0  0  0  0  0  0  0  0  1  0  0 
 0  0  0  0  0  0  0  0  0  0  0  0  0  0  0  0  0  1 
 0  0  0  0  0  0  0  0  0  0  0  0  0  0  1  0  0  0 
 0  0  0  0  0  0  1  0  0  0  0  0  0  0  0  0  0  0 
 0  0  0  0  0  0  0  0  1  0  0  0  0  0  0  0  0  0 
 0  0  0  0  0  0  0  0  0  0  0  0  0  0  0  0  1  0 
 0  0  0  0  0  1  0  0  0  0  0  0  0  0  0  0  0  0 
 0  0  0  0  0  0  0  1  0  0  0  0  0  0  0  0  0  0 
 0  0  0  0  0  0  0  0  0  1  0  0  0  0  0  0  0  0 
 0  0  0  0  0  0  0  0  0  0  0  1  0  0  0  0  0  0 

Total number of solutions: 666090624

Running time for placing 18 queens on a 18 x 18 board 23937.846821 seconds
